[[[255 255 255]
  [255 255 255]
  [255 255 255]
  ...
  [255 255 255]
  [255 255 255]
  [255 255 255]]

 [[255 255 255]
  [255 255 255]
  [255 255 255]
  ...
  [255 255 255]
  [255 255 255]
  [255 255 255]]

 [[255 255 255]
  [255 255 255]
  [255 255 255]
  ...
  [255 255 255]
  [255 255 255]
  [255 255 255]]

 ...

 [[255 255 255]
  [255 255 255]
  [255 255 255]
  ...
  [128 133 142]
  [127 132 141]
  [127 132 141]]

 [[255 255 255]
  [255 255 255]
  [255 255 255]
  ...
  [121 126 135]
  [123 128 137]
  [124 129 138]]

 [[255 255 255]
  [255 255 255]
  [255 255 255]
  ...
  [121 126 135]
  [123 128 137]
  [124 129 138]]]