[[[255 255 255]
  [255 255 255]
  [255 255 255]
  ...
  [255 255 255]
  [255 255 255]
  [255 255 255]]

 [[255 255 255]
  [255 255 255]
  [255 255 255]
  ...
  [255 255 255]
  [255 255 255]
  [255 255 255]]

 [[255 255 255]
  [255 255 255]
  [255 255 255]
  ...
  [255 255 255]
  [255 255 255]
  [255 255 255]]

 ...

 [[255 255 255]
  [255 255 255]
  [255 255 255]
  ...
  [142 133 128]
  [141 132 127]
  [141 132 127]]

 [[255 255 255]
  [255 255 255]
  [255 255 255]
  ...
  [135 126 121]
  [137 128 123]
  [138 129 124]]

 [[255 255 255]
  [255 255 255]
  [255 255 255]
  ...
  [135 126 121]
  [137 128 123]
  [138 129 124]]]